SEQ='HE'     NUCCHG= 2

   PARENT TERM INDEXING            BWNP=    438908.7   NPRNTI= 1
   --------------------
   INDP    CODE                 S L   WI        WNP
   ----    ----                 - -   --  ----------
     1     1S1                 (2)0( 0.5)        0.0

   LS RESOLVED TERM INDEXING       BWNR=    198305.0    NTRM= 19
   -------------------------
   INDX    CODE                 S L   WJ        WNR
   ----    ----                 - -   --  ----------
     1     1S2                 (1)0( 0.0)        0.   {1}2.000
     2     1S1 2S1             (3)0( 1.0)   159850.   {1}1.000
     3     1S1 2S1             (1)0( 0.0)   166271.   {1}1.000
     4     1S1 2P1             (3)1( 4.0)   169082.   {1}1.000
     5     1S1 2P1             (1)1( 1.0)   171129.   {1}1.000
     6     1S1 3S1             (3)0( 1.0)   183231.   {1}1.000
     7     1S1 3S1             (1)0( 0.0)   184859.   {1}1.000
     8     1S1 3P1             (3)1( 4.0)   185559.   {1}1.000
     9     1S1 3D1             (3)2( 7.0)   186096.   {1}1.000
    10     1S1 3D1             (1)2( 4.0)   186099.   {1}1.000
    11     1S1 3P1             (1)1( 1.0)   186203.   {1}1.000
    12     1S1 4S1             (3)0( 1.0)   190292.   {1}1.000
    13     1S1 4S1             (1)0( 0.0)   190935.   {1}1.000
    14     1S1 4P1             (3)1( 4.0)   191211.   {1}1.000
    15     1S1 4D1             (3)2( 7.0)   191439.   {1}1.000
    16     1S1 4D1             (1)2( 2.0)   191441.   {1}1.000
    17     1S1 4F1             (3)3(10.0)   191447.   {1}1.000
    18     1S1 4F1             (1)3( 3.0)   191447.   {1}1.000
    19     1S1 4P1             (1)1( 1.0)   191487.   {1}1.000

 
 
 ---------------------------------
 PRTI= 1  TRMPRT= (2S)  SPNPRT= 2
 
   INDX TE=  1.16D+04  2.32D+04  5.80D+04  1.16D+05  2.32D+05  5.80D+05  1.16D+06  2.32D+06  5.80D+06  1.16D+07  2.32D+07  5.80D+07  1.16D+08  2.32D+08
   ---- ---
     1       1.41D-13  9.85D-14  6.15D-14  4.37D-14  2.84D-14  1.17D-14  5.08D-15  2.09D-15  6.02D-16  2.28D-16  8.48D-17  2.25D-17  8.10D-18  2.91D-18
     2       1.41D-14  1.11D-14  7.84D-15  5.76D-15  3.69D-15  1.60D-15  7.34D-16  3.14D-16  9.53D-17  3.61D-17  1.35D-17  3.63D-18  1.31D-18  4.73D-19
     3       4.58D-15  3.37D-15  2.17D-15  1.46D-15  9.18D-16  3.78D-16  1.72D-16  7.35D-17  2.22D-17  8.44D-18  3.16D-18  8.49D-19  3.07D-19  1.11D-19
     4       3.93D-14  2.26D-14  9.81D-15  4.79D-15  2.12D-15  6.14D-16  2.27D-16  8.19D-17  2.09D-17  7.41D-18  2.62D-18  6.64D-19  2.35D-19  8.30D-20
     5       8.92D-15  5.00D-15  1.93D-15  8.32D-16  3.36D-16  9.15D-17  3.32D-17  1.19D-17  3.02D-18  1.07D-18  3.78D-19  9.56D-20  3.38D-20  1.20D-20
     6       3.73D-15  2.88D-15  2.08D-15  1.49D-15  9.32D-16  4.05D-16  1.86D-16  7.95D-17  2.38D-17  9.16D-18  3.44D-18  9.25D-19  3.34D-19  1.21D-19
     7       1.39D-15  1.00D-15  6.18D-16  4.19D-16  2.51D-16  1.05D-16  4.78D-17  2.03D-17  6.04D-18  2.32D-18  8.72D-19  2.34D-19  8.45D-20  3.05D-20
     8       1.26D-14  7.64D-15  3.32D-15  1.59D-15  7.00D-16  2.05D-16  7.57D-17  2.73D-17  6.97D-18  2.47D-18  8.74D-19  2.21D-19  7.82D-20  2.77D-20
     9       7.71D-15  3.51D-15  1.05D-15  3.91D-16  1.42D-16  3.61D-17  1.28D-17  4.52D-18  1.14D-18  4.05D-19  1.43D-19  3.62D-20  1.28D-20  4.52D-21
    10       2.56D-15  1.16D-15  3.47D-16  1.29D-16  4.67D-17  1.19D-17  4.22D-18  1.49D-18  3.78D-19  1.34D-19  4.72D-20  1.19D-20  4.22D-21  1.49D-21
    11       3.31D-15  1.86D-15  7.14D-16  3.08D-16  1.23D-16  3.36D-17  1.21D-17  4.33D-18  1.10D-18  3.90D-19  1.38D-19  3.49D-20  1.23D-20  4.36D-21
    12       1.51D-15  1.18D-15  8.13D-16  5.71D-16  3.67D-16  1.65D-16  7.30D-17  3.12D-17  9.50D-18  3.60D-18  1.35D-18  3.63D-19  1.31D-19  4.73D-20
    13       5.94D-16  4.32D-16  2.61D-16  1.68D-16  1.02D-16  4.28D-17  1.88D-17  7.97D-18  2.41D-18  9.08D-19  3.40D-19  9.12D-20  3.30D-20  1.19D-20
    14       5.71D-15  3.38D-15  1.43D-15  6.90D-16  3.07D-16  9.01D-17  3.31D-17  1.19D-17  3.05D-18  1.08D-18  3.82D-19  9.67D-20  3.42D-20  1.21D-20
    15       4.74D-15  2.13D-15  6.36D-16  2.38D-16  8.60D-17  2.19D-17  7.76D-18  2.75D-18  6.95D-19  2.46D-19  8.68D-20  2.20D-20  7.77D-21  2.75D-21
    16       1.57D-15  7.07D-16  2.10D-16  7.84D-17  2.83D-17  7.22D-18  2.56D-18  9.04D-19  2.29D-19  8.09D-20  2.86D-20  7.23D-21  2.56D-21  9.04D-22
    17       1.97D-15  7.65D-16  2.01D-16  7.14D-17  2.53D-17  6.39D-18  2.26D-18  7.99D-19  2.02D-19  7.14D-20  2.53D-20  6.39D-21  2.26D-21  7.99D-22
    18       6.58D-16  2.55D-16  6.69D-17  2.38D-17  8.42D-18  2.13D-18  7.53D-19  2.66D-19  6.74D-20  2.38D-20  8.42D-21  2.13D-21  7.53D-22  2.66D-22
    19       1.55D-15  8.51D-16  3.23D-16  1.40D-16  5.59D-17  1.53D-17  5.52D-18  1.97D-18  5.02D-19  1.78D-19  6.28D-20  1.59D-20  5.62D-21  1.99D-21
 
