SEQ='HE'     NUCCHG= 2

   PARENT TERM INDEXING            BWNP=    438908.7   NPRNTI= 1
   --------------------
   INDP    CODE                 S L   WI        WNP
   ----    ----                 - -   --  ----------
     1     1S1                 (2)0( 0.5)        0.0

   LS RESOLVED TERM INDEXING       BWNR=    198305.0    NTRM= 19
   -------------------------
   INDX    CODE                 S L   WJ        WNR
   ----    ----                 - -   --  ----------
     1     1S2                 (1)0( 0.0)        0.   {1}2.000
     2     1S1 2S1             (3)0( 1.0)   159850.   {1}1.000
     3     1S1 2S1             (1)0( 0.0)   166271.   {1}1.000
     4     1S1 2P1             (3)1( 4.0)   169082.   {1}1.000
     5     1S1 2P1             (1)1( 1.0)   171129.   {1}1.000
     6     1S1 3S1             (3)0( 1.0)   183231.   {1}1.000
     7     1S1 3S1             (1)0( 0.0)   184859.   {1}1.000
     8     1S1 3P1             (3)1( 4.0)   185559.   {1}1.000
     9     1S1 3D1             (3)2( 7.0)   186096.   {1}1.000
    10     1S1 3D1             (1)2( 4.0)   186099.   {1}1.000
    11     1S1 3P1             (1)1( 1.0)   186203.   {1}1.000
    12     1S1 4S1             (3)0( 1.0)   190292.   {1}1.000
    13     1S1 4S1             (1)0( 0.0)   190935.   {1}1.000
    14     1S1 4P1             (3)1( 4.0)   191211.   {1}1.000
    15     1S1 4D1             (3)2( 7.0)   191439.   {1}1.000
    16     1S1 4D1             (1)2( 2.0)   191441.   {1}1.000
    17     1S1 4F1             (3)3(10.0)   191447.   {1}1.000
    18     1S1 4F1             (1)3( 3.0)   191447.   {1}1.000
    19     1S1 4P1             (1)1( 1.0)   191487.   {1}1.000

 
 
 ---------------------------------
 PRTI= 1  TRMPRT= (2S)  SPNPRT= 2
 
   INDX TE=  1.16D+04  2.32D+04  5.80D+04  1.16D+05  2.32D+05  5.80D+05  1.16D+06  2.32D+06  5.80D+06  1.16D+07  2.32D+07  5.80D+07  1.16D+08  2.32D+08
   ---- ---
     1       1.66D-13  1.18D-13  7.49D-14  5.21D-14  3.44D-14  1.70D-14  8.72D-15  4.07D-15  1.33D-15  5.47D-16  2.16D-16  5.89D-17  2.18D-17  8.03D-18
     2       1.67D-14  1.26D-14  8.77D-15  6.43D-15  4.40D-15  2.27D-15  1.21D-15  5.85D-16  1.97D-16  8.33D-17  3.31D-17  9.29D-18  3.49D-18  1.30D-18
     3       5.39D-15  3.93D-15  2.53D-15  1.74D-15  1.13D-15  5.54D-16  2.89D-16  1.38D-16  4.65D-17  1.94D-17  7.78D-18  2.18D-18  8.19D-19  3.03D-19
     4       5.20D-14  3.23D-14  1.57D-14  8.33D-15  4.11D-15  1.44D-15  5.99D-16  2.36D-16  6.43D-17  2.37D-17  8.60D-18  2.16D-18  7.67D-19  2.73D-19
     5       1.18D-14  7.06D-15  3.18D-15  1.57D-15  7.17D-16  2.28D-16  9.01D-17  3.42D-17  9.13D-18  3.30D-18  1.18D-18  3.01D-19  1.07D-19  3.78D-20
     6       4.19D-15  3.24D-15  2.26D-15  1.65D-15  1.12D-15  5.72D-16  3.04D-16  1.46D-16  5.04D-17  2.08D-17  8.37D-18  2.42D-18  8.98D-19  3.30D-19
     7       1.58D-15  1.16D-15  7.39D-16  5.03D-16  3.21D-16  1.55D-16  8.04D-17  3.79D-17  1.29D-17  5.32D-18  2.13D-18  6.13D-19  2.28D-19  8.37D-20
     8       1.79D-14  1.12D-14  5.43D-15  2.88D-15  1.41D-15  4.92D-16  2.04D-16  7.99D-17  2.21D-17  7.97D-18  2.89D-18  7.59D-19  2.63D-19  9.21D-20
     9       1.19D-14  6.13D-15  2.23D-15  9.47D-16  3.78D-16  1.05D-16  3.86D-17  1.39D-17  3.57D-18  1.27D-18  4.50D-19  1.14D-19  4.03D-20  1.42D-20
    10       3.93D-15  2.03D-15  7.37D-16  3.13D-16  1.25D-16  3.46D-17  1.27D-17  4.59D-18  1.18D-18  4.18D-19  1.48D-19  3.76D-20  1.33D-20  4.69D-21
    11       4.53D-15  2.70D-15  1.21D-15  5.93D-16  2.69D-16  8.51D-17  3.35D-17  1.27D-17  3.38D-18  1.22D-18  4.37D-19  1.11D-19  3.95D-20  1.40D-20
    12       1.70D-15  1.31D-15  9.11D-16  6.57D-16  4.43D-16  2.25D-16  1.19D-16  5.74D-17  1.99D-17  8.19D-18  3.26D-18  9.36D-19  3.59D-19  1.31D-19
    13       6.81D-16  4.96D-16  3.09D-16  2.12D-16  1.31D-16  6.27D-17  3.18D-17  1.49D-17  5.18D-18  2.07D-18  8.26D-19  2.34D-19  8.91D-20  3.27D-20
    14       8.13D-15  5.06D-15  2.44D-15  1.29D-15  6.29D-16  2.18D-16  9.00D-17  3.52D-17  9.76D-18  3.52D-18  1.26D-18  3.28D-19  1.19D-19  4.14D-20
    15       7.41D-15  3.82D-15  1.38D-15  5.85D-16  2.33D-16  6.46D-17  2.37D-17  8.55D-18  2.19D-18  7.78D-19  2.76D-19  7.00D-20  2.48D-20  8.74D-21
    16       2.45D-15  1.26D-15  4.56D-16  1.93D-16  7.66D-17  2.12D-17  7.77D-18  2.80D-18  7.19D-19  2.55D-19  9.04D-20  2.29D-20  8.12D-21  2.86D-21
    17       3.55D-15  1.61D-15  5.02D-16  1.94D-16  7.21D-17  1.89D-17  6.74D-18  2.40D-18  6.09D-19  2.16D-19  7.63D-20  1.93D-20  6.83D-21  2.41D-21
    18       1.18D-15  5.37D-16  1.67D-16  6.46D-17  2.40D-17  6.28D-18  2.25D-18  8.00D-19  2.03D-19  7.19D-20  2.54D-20  6.44D-21  2.28D-21  8.05D-22
    19       2.16D-15  1.28D-15  5.65D-16  2.76D-16  1.25D-16  3.92D-17  1.54D-17  5.82D-18  1.55D-18  5.60D-19  2.00D-19  5.10D-20  1.81D-20  6.41D-21
 
